
---- Minimum Surface Area Problem -----
mx: 10     my: 10   

iter = 0, Function value 1.46076, Residual: 0.207785 
iter = 1, Function value 1.43295, Residual: 0.149451 
iter = 2, Function value 1.42259, Residual: 0.097124 
iter = 3, Function value 1.42074, Residual: 0.103371 
iter = 4, Function value 1.41874, Residual: 0.017988 
iter = 5, Function value 1.41862, Residual: 0.019860 
iter = 6, Function value 1.41855, Residual: 0.010251 
